;
;
;blast_beta.txt
;
;Mapa ainda em fase de testes, incompleto...
;JoL-PHIN
;

V 1 
P width 5
P height 5
P title Blast
P author JoL-PHIN

flag 0 0 2 0.5 0.5 
spawn 0 0 2 0.7 0.4 
spawn 0 0 2 0.7 0.5
spawn 0 0 2 0.7 0.6
spawn 0 0 2 0.8 0.4
spawn 0 0 2 0.8 0.5
spawn 0 0 2 0.8 0.6
spawn 0 0 2 0.9 0.4
spawn 0 0 2 0.9 0.5

flag 1 4 2 0.5 0.5
spawn 1 4 2 0.3 0.4
spawn 1 4 2 0.3 0.5
spawn 1 4 2 0.3 0.6
spawn 1 4 2 0.2 0.4
spawn 1 4 2 0.2 0.5
spawn 1 4 2 0.2 0.6
spawn 1 4 2 0.1 0.4
spawn 1 4 2 0.1 0.5

R 0 1
W 0.2 0.3 0.5 0.4
W 0.45 0.3 0.55 1
W 0.5 0.7 1 1

R 0 2
W 0.45 0 1 0.3
W 0.55 0 0.65 1
W 0.45 0.7 1 1

R 0 3
W 0.5 0 1 0.3
W 0.45 0 0.55 0.7
W 0.199 0.71 0.5 0.6

R 1 1 
W 0 0.7 1 1 

R 3 1
W 0 0.7 1 1 

R 1 2
W 0 0.7 1 1
W 0 0 1 0.3

R 3 2 
W 0 0.7 1 1
W 0 0 1 0.3

R 1 3 
W 0 0 1 0.3

R 3 3 
W 0 0 1 0.3

R 4 1
W 0.5 0.3 0.8 0.4
W 0.45 0.3 0.55 1
W 0 0.7 0.5 1

R 4 2 
W 0 0.7 0.55 1
W 0.35 0 0.45 1
W 0 0 0.55 0.3 

R 4 3 
W 0 0 0.55 0.3
W 0.45 0 0.55 0.7
W 0.45 0.6 0.8 0.7

R 2 1 
W 0 0.7 0.35 1
W 0.65 0.7 1 1
W 0.25 0.5 0.35 1
W 0.65 0.5 0.75 1
W 0.25 0.2 0.75 0.3

R 2 3 
W 0 0 0.35 0.3
W 0.65 0 1 0.3
W 0.25 0 0.35 0.5
W 0.65 0 0.75 0.5
W 0.25 0.7 0.75 0.8

R 2 2 
W 0 0 0.35 0.3
W 0.65 0 1 0.3
W 0 0.7 0.35 1
W 0.65 0.7 1 1

X cu 0 0 4 0

X cd 0 4 4 4

X cl 0 0 
X cl 0 1
X cl 0 2
X cl 0 3
X cl 0 4

X cr 4 0
X cr 4 1
X cr 4 2
X cr 4 3
X cr 4 4


:cl
W 0      0      0.0625 1

:cr
W 0.9375 0      1      1

:cu
W 0      0      1      0.0625

:cd
W 0      0.9375 1      1 