; 2005-04-01

P width 5
P height 5
P title Aita
P author Huntta
S 32 24

flag  0  0  0  16 12
spawn 0  1  0  10 12
spawn 0  2  2  18 14
spawn 0  0  1  16  6
spawn 0  2  2  10 20
spawn 0  1  1  10  6
spawn 0  2  2  26  8
spawn 0  1  1  16 12
spawn 0  3  2  16 12
spawn 0  1  0  22 12
spawn 0  3  2  10 12
spawn 0  0  1  16 18
spawn 0  3  2  22 12
spawn 0  1  1  22 18
spawn 0  3  2  16  6
spawn 0  1  1  22 18
spawn 0  2  4  22 12

flag  1  4  4  16 12
spawn 1  3  4  22 12
spawn 1  2  2  14 10
spawn 1  4  3  16 18
spawn 1  2  2  22  4
spawn 1  3  3  22 18
spawn 1  2  2   6 16
spawn 1  3  3  16 12
spawn 1  1  2  16 12
spawn 1  3  4  10 12
spawn 1  1  2  22 12
spawn 1  4  3  16  6
spawn 1  1  2  10 12
spawn 1  3  3  10  6
spawn 1  1  2  16 18
spawn 1  3  3  10  6
spawn 1  2  0  10 12

X ylä      1 0 4 0
X ylä      2 1
X ylä      2 4
X ala      0 4 3 4
X ala      2 3
X ala      2 0
X vasen    0 1 0 4
X vasen    1 2
X vasen    3 4
X vasen    4 2
X oikea    4 0 4 3
X oikea    1 0
X oikea    3 2
X oikea    0 2

X kalterit 3 1
X kalterit 2 2
X kalterit 1 3

X pallot   2 1 3 1
X pallot   1 2 3 2
X pallot   1 3 2 3

X mutkat   0 2
X mutkat   4 2

R 0 0
  G  0  0 32 24  3
  W  0  0 32  1  3
  W  0  0  1 24  3
C W 32 24  4  0  0  0  3
C W 32  0  4  0  0  0  3
C W  0 24  4  0  0  0  3
C W  0  0  4  0  0  0  3

R 1 0
  G  0  0 16 24  3
  W  0  0 16  1  3
C W 32 24  4  0  0  0
C W 32  0  4  0  0  0
C W  0 24  4  0  0  0  3
C W  0  0  4  0  0  0  3

R 2 0
W   32 17 12 18
W   32 7 12 6
C W 12 12 6 5 180 0
C W 12 12 17 11 180 0
C W 12 12 0.5
W   32 12.5 12 11.5

R 3 0
T W 15.5 16 18 12 12 12 5
W   32 7 0 6
W   0 24 9.75 23
W   0 18 9.75 17
C W 32 24 4
C W 9.75 17.75 6.25 5.25 0 180
C W 9.75 17.5 0.5
W   32 12.5 0 11.5
C W 21.25 17.75 6.25 5.25 270 0
T W 16 24 13 24 16 18
T W 16 24 16 21 10 24

R 4 0
W   20.5 24 19.5 12
T W 20.5 12 14 6 19.5 12.25
T W 13.75 7 14 6 19.5 12.25
W   14 7 0 6
C W 0 24 4
C W 0 24 4
C W 4 21 0.25
C W 6 19.5 0.25
C W 8 18 0.25
C W 10 16.5 0.25
C W 12 15 0.25
C W 14 13.5 0.25
C W 16 12 0.25
W   0 12.5 4 11.5
C W 4 12 0.5
T W 18 1 31 10 31 1

R 0 1
  G  0  0 32 12  3
  W  0  0  1 12  3
C W 32 24  4  0  0  0
C W 32  0  4  0  0  0  3
C W  0  0  4  0  0  0  3
W   10 24 32 23

R 1 1
  G  0  0 10 12  3
  G 10  0 16  6  3
T G 10  6 10 12 16  6  3
C W 32 24  4  0  0  0
C W 32  0  4  0  0  0
C W  0 24  4  0  0  0
C W  0  0  4  0  0  0  3

R 3 1
C W 0 0 4
C W 32 24 4
W   16 0 0 1
W   32 24 31 11.5

R 4 1
W   10 24 32 23
W   0 24 1 12
W   0 12.5 18 11.5
W   20.5 10 19.5 0
C W 18 10 2.5 1.5 90 180
C W 18 10 19 13 90 180
C W 12.5 24 12.5 11.5 270 0
T W 8 12 0 12 0 20
C W 0 0 4

R 4 2
W   22 24 0 23
W   22 24 20.5 10.75
C W 21.25 10.5 0.75
C W 21.25 10.75 14 9.75 315 90
C W 21.25 10.75 11.25 9.75 270 315
T W 14 2 11 6 11 0
W   10 0 32 1
W   10 0 11.5 13.25
C W 10.75 13.5 0.75
C W 10.75 13.25 14 9.75 135 270
C W 10.75 13.25 11.25 9.75 90 135
T W 18 22 21 18 21 24

R 0 3
  W 22  0  0  1
  W 32  0 31 12
  W 32 11.5 14 12.5
  W 11.5 14 12.5 24
C W 14 14 2.5 1.5 270   0
C W 14 14 19 13 270   0
C W 19.5  0 12.5 11.5  90 180
T W 24 12 32 12 32  4
C W 32 24  4

R 1 3
C W 32 24  4  0  0  0
C W  0  0  4  0  0  0
  W 16 24 32 23
  W  0  0  1 12.5

R 3 3
G   32 24 22 12 4
G   22 24 16 18 4
T G 22 18 22 12 16 18 4
C W 0 0 4
C W 0 24 4
C W 32 0 4
C W 32 24 4 0 0 0 4

R 4 3
G   32 24 0 12 4
W   32 24 31 12 4
C W 0 0 4
C W 0 24 4 0 0 0 4
C W 32 24 4 0 0 0 4
W   22 0 0 1

R 0 4
  W 11.5  0 12.5 12
T W 11.5 12 18 18 12.5 11.75
T W 18.25 17 18 18 12.5 11.75
  W 18 17 32 18
C W 32  0  4
C W 32  0.0  4
C W 28  3.0  0.25
C W 26  4.5  0.25
C W 24  6.0  0.25
C W 22  7.5  0.25
C W 20  9.0  0.25
C W 18 10.5  0.25
C W 16 12.0  0.25
  W 32 11.5 28 12.5
C W 28 12 0.5
T W 14 23  1 14  1 23

R 1 4
T W 16.5 8 14 12 20 12 5
  W  0 17 32 18
  W 32  0 22.25  1
  W 32  6 22.25  7
C W  0  0  4
C W 22.25  6.25  6.25  5.25 180   0
C W 22.25  6.5  0.5
  W  0 11.5 32 12.5
C W 10.75 6.25 6.25 5.25 90 180
T W 16  0 19  0 16  6
T W 16  0 16  3 22  0

R 2 4
  W  0  7 20  6
  W  0 17 20 18
C W 20 12  6  5   0 180
C W 20 12 17 11   0 180
C W 20 12 0.5
  W  0 11.5 20 12.5

R 3 4
G   32 24 16 0 4
W   32 24 16 23 4
C W 0 0 4
C W 0 24 4
C W 32 0 4 0 0 0 4
C W 32 24 4 0 0 0 4

R 4 4
G   32 24 0 0 4
W   32 24 0 23 4
W   32 24 31 0 4
C W 0 0 4 0 0 0 4
C W 0 24 4 0 0 0 4
C W 32 0 4 0 0 0 4
C W 32 24 4 0 0 0 4

:ylä
  W  0  0  32  1

:ala
  W  0 24  32 23

:vasen
  W  0  0   1 24

:oikea
  W 32  0  31 24

:kalterit
;C W 32  0.0  4
C W 28  3.0  0.25
C W 26  4.5  0.25
C W 24  6.0  0.25
C W 22  7.5  0.25
C W 20  9.0  0.25
C W 18 10.5  0.25
C W 16 12.0  0.25
C W 14 13.5  0.25
C W 12 15.0  0.25
C W 10 16.5  0.25
C W  8 18.0  0.25
C W  6 19.5  0.25
C W  4 21.0  0.25
;C W  0 24.0  4

:pallot
C W 32 24  4  0  0  0
C W 32  0  4  0  0  0
C W  0 24  4  0  0  0
C W  0  0  4  0  0  0

:mutkat
  W 10  0 32  1
  W 10  0 11.5 13.25
C W 10.75 13.5 0.75
C W 10.75 13.25  14  9.75 135 270
C W 10.75 13.25  11.25  9.75  90 135
T W 18 22 21 18 21 24
W   22 24 0 23
W   22 24 20.5 10.75
C W 21.25 10.5 0.75
C W 21.25 10.75 14 9.75 315 90
C W 21.25 10.75 11.25 9.75 270 315
T W 14 2 11 6 11 0
