; 2005-10-24
P width 4
P height 4
P title Avaimet
P author Huntta & :(
S 32 24

flag  0 2 0 16 12
spawn 0 2 0 16 16
spawn 0 2 0 16  8
spawn 0 2 0 20 12
spawn 0 2 0 12 12
spawn 0 2 0 22 18
spawn 0 2 0 10  6
spawn 0 2 0 22  6
spawn 0 2 0 10 18

flag  1 1 3 16 12
spawn 1 1 3 16  8
spawn 1 1 3 16 16
spawn 1 1 3 12 12
spawn 1 1 3 20 12
spawn 1 1 3 10  6
spawn 1 1 3 22 18
spawn 1 1 3 10 18
spawn 1 1 3 22  6

R 2 0
W 0 0 32 1 3
W 0 0 1 15 3
W 0 24 32 23 3
W 32 23 31 9 3
W 31 0 32 1 3
C W 2 2 2 1 -90 0 3
C W 0 15 1 0 90 180 3
C W 32 9 1 0 -90 90  3
C W 30 22 2 1 90 180 3
G 0 1 32 2 1
G 0 23 32 22 1
C G  0 19  4  0   0 180  3
C G 32  5  4  0 180   0  3
C G 16 12 7 2 -30 30 3
C G 16 12 7 2 60 120 3
C G 16 12 7 2 150 210 3
C G 16 12 7 2 240 300 3
C G 16 12 1 0.5 0 0 3
C G 16 12 11 2 -50 -40 3
C G 16 12 11 2 40 50 3
C G 16 12 11 2 130 140 3
C G 16 12 11 2 220 230 3

R 3 0
W 0 0 32 1 2
W 32 0 31 24 2
W 0 23 1 9 2
C W 0 9 1 0 -90 90	 2
C W 30 2 2 1 0 90 2
C W 2 22 2 1 180 270 2
W 0 24 23 23 2
W 23 23 22 8.5 2
C W 22.5 8.5 0.5 0 -90 90 2
C W 21 22 2 1 90 180 2
W 9 1 10 15.5 2
C W 9.5 15.5 0.5 0 90 270 2
C W 8 2 2 1 0 90 2
C W 11 2 2 1 -90 0 2
G 0 1 9 2 1
T G 0 10 9.5 5 9.5 10 6
T G 22.5 23 22.5 8.5 32 8.5 6
G 0 10 9.5 24 6
G 22.5 8.5 32 0 6
G 9.5 0 22.5 24 7
T G 22.5 0 22.5 8.5 22 0 6
T G 9.5 10 9.5 24 10 24 6
C G  0  5  4  0   0 180  3

R 3 1
W 0 0 22 1 1
C W 22 0 1 0 0 180 1
W 0 24 32 23 1
W 32 0 31 24 1
W 0 8 1 17 5
C W 0 8 1 0  -90 90 5
W 1 16 22.5 17 5
C W 22.5 16.5 0.5 0 0 180 5
W 9 7 32 8 1
C W 9 7.5 0.5 0 -180 0 1
C W 30 22 2 1 90 180 1
C W 30 6 2 1 90 180 1
C W 30 9 2 1 0 90 1
C W 2 15 2 1 180 270 5
G 0 7.3 32 16.7 2
G 0 7.2 32 7.5 1
G 0 16.8 32 16.5 1

R 2 1
W 0 0 32 1
C W 6 3 3 2 -90 0
W 2 0 4 7
W 0 0 2 9
C W 2 7 2 0 90 180
W 2 24 4 17
W 0 24 2 15
C W 2 17 2 0 0 90
W 1 23 9 24
C W 9 24 1 0 0 180
C W 20 24 1 0 0 180 
W 18 23 20 24
C W 18 24 1 0 -180 0
W 29 23 32 24
C W 29 24 1 0 -180 0
W 30 7 32 17 5
W 28 9 30 15 5
C W 30 9 2 0 -90 0 5
C W 30 15 2 0 180 270 5
C W 6 21 3 2 -180 -90
  G 18  0 19 24  6
  G 18  0 0 24  1
  G 18  8 0 16  2

R 0 0
C W 12 12 17 11 180   0
  W 12  0 32  1
  W 32 24 23 23
C W 12 24 13 11   0  90   6
C W 12 12  1  0   0   0   6
C W 12 24  1
C G 12 24 14 13   0   0   1
  G 12  1 32  2  1
  G 32 23 26 22  1
C G 12 24 11  0   0   0   6
C G 12 12 11  0   0   0   5

R 1 0
  W  0  0 32  1
  W  0 24 32 23
  W 32  1 31 15
C W 32 15  1
C W 30  2  2  1   0  90
  G  0  1 32  2   1
  G  0 23 32 22   1
T G  0 22  8 22  8  2  1
T G  8 22  8  2 16  2  1
T G 16 22 24 22 24  2  1
T G 24 22 24  2 32  2  1
C G 32 19  4  0 180   0  3

R 0 1
C W 12 12 17 11 180   0
  W 12 24 32 23
  W 32  0 23  1
C W 12  0 13 11  90 180  6
C W 12 12  1  0   0   0  6
C W 12  0  1
C G 12  0 11  0   0   0  6
C G 12 12 11  0   0   0  5

R 1 1
  W  0  0 32  1
  W 13  8 14 16  5
  W 32  1 28  7
  W 32  7 30  9
C W 30  7  2
C W 26  3  3  2   0  90
  W 32 23 28 17
  W 32 17 30 15
C W 30 17  2
C W 26 21  3  2  90 180
  W 32 24 23 23
C W 23 24  1
  W 14 24 12 23
C W 14 24  1
C W 12 24  1
  W  0 24  3 23
C W  3 24  1
  G 13  0 14 24  6
  G 14  0 32 24  1
  G 14  8 32 16  2

; peilatut huoneet
R 1 3
  W 32 24  0 23  4
  W 32 24 31  9  4
  W 32  0  0  1  4
  W  0  1  1 15  4
  W  1 24  0 23  4
C W 30 22  2  1  90 180  4
C W 32  9  1  0 270   0  4
C W  0 15  1  0  90 270  4
C W  2  2  2  1 270   0  4
  G 32 23  0 22  1
  G 32  1  0  2  1
C G 32  5  4  0 180   0  4
C G  0 19  4  0   0 180  4
C G 16 12 1.5 1 0 0 4 
C G 16 12 3 2 -40 40 4
C G 16 12 3 2 50 130 4
C G 16 12 3 2 140 220 4
C G 16 12 3 2 230 310 4
C G 16 12 5 4 5 85 4
C G 16 12 5 4 95 175 4
C G 16 12 5 4 185 265 4
C G 16 12 5 4 275 355 4
C G 16 12 7 6 -40 40 4
C G 16 12 7 6 50 130 4
C G 16 12 7 6 140 220 4
C G 16 12 7 6 230 310 4
C G 16 12 9 8 5 85 4
C G 16 12 9 8 95 175 4
C G 16 12 9 8 185 265 4
C G 16 12 9 8 275 355 4
C G 16 12 11 10 -40 40 4
C G 16 12 11 10 50 130 4
C G 16 12 11 10 140 220 4
C G 16 12 11 10 230 310 4

R 0 3
  W 32 24  0 23  2
  W  0 24  1  0  2
  W 32  1 31 15  2
C W 32 15  1  0  90 270  2
C W  2 22  2  1 180 270  2
C W 30  2  2  1   0  90  2
  W 32  0  9  1  2
  W  9  1 10 15.5  2
C W 9.5 15.5 0.5  0  90 270  2
C W 11  2  2  1 270   0  2
  W 23 23 22 8.5  2
C W 22.5 8.5 0.5  0 270  90  2
C W 24 22  2  1 180 270  2
C W 21 22  2  1  90 180  2
  G 32 23 23 22  1
T G 32 14 22.5 19 22.5 14  6
T G 9.5  1 9.5 15.5  0 15.5  6
  G 32 14 22.5  0  6
  G 9.5 15.5  0 24  6
  G 22.5 24 9.5  0  7
T G 9.5 24 9.5 15.5 10 24  6
T G 22.5 14 22.5  0 22  0  6
C G 32 19  4  0 180   0  4

R 0 2
  W 32 24 10 23  1
C W 10 24  1  0 180   0  1
  W 32  0  0  1  1
  W  0 24  1  0  1
  W 32 16 31  7  5
C W 32 16  1  0  90 270  5
  W 31  8 9.5  7  5
C W 9.5 7.5 0.5  0 180   0  5
  W 23 17  0 16  1
C W 23 16.5 0.5  0   0 180  1
C W  2  2  2  1 270   0  1
C W  2 18  2  1 270   0  1
C W  2 15  2  1 180 270  1
C W 30  9  2  1   0  90  5
  G 32 16.7  0 7.3  2
  G 32 16.8  0 16.5  1
  G 32 7.2  0 7.5  1

R 1 2
  W 32 24  0 23
C W 26 21  3  2  90 180
  W 30 24 28 17
  W 32 24 30 15
C W 30 17  2  0 270   0
  W 30  0 28  7
  W 32  0 30  9
C W 30  7  2  0 180 270
  W 31  1 23  0
C W 23  0  1  0 180   0
C W 12  0  1  0 180   0
  W 14  1 12  0
C W 14  0  1  0   0 180
  W  3  1  0  0
C W  3  0  1  0   0 180
  W  2 17  0  7  5
  W  4 15  2  9  5
C W  2 15  2  0  90 180  5
C W  2  9  2  0   0  90  5
C W 26  3  3  2   0  90
  G 14 24 13  0  6
  G 14 24 32  0  1
  G 14 16 32  8  2

R 3 3
C W 20 12 17 11   0 180
  W 20 24  0 23
  W  0  0  9  1
C W 20  0 13 11 180 270  6
C W 20 12  1  0   0   0  6
C W 20  0  1
C G 20  0 14 13   0   0  1
  G 20 23  0 22  1
  G  0  1  6  2  1
C G 20  0 11  0   0   0  6
C G 20 12 11  0   0   0  5

R 2 3
  W 32 24  0 23
  W 32  0  0  1
  W  0 23  1  9
C W  0  9  1
C W  2 22  2  1 180 270
  G 32 23  0 22  1
  G 32  1  0  2  1
T G 32  2 24  2 24 22  1
T G 24  2 24 22 16 22  1
T G 16  2  8  2  8 22  1
T G  8  2  8 22  0 22  1
C G  0  5  4  0   0 180  4

R 3 2
C W 20 12 17 11   0 180
  W 20  0  0  1
  W  0 24  9 23
C W 20 24 13 11 270   0  6
C W 20 12  1  0   0   0  6
C W 20 24  1
C G 20 24 11  0   0   0  6
C G 20 12 11  0   0   0  5

R 2 2
  W 32 24  0 23
  W 19 16 18  8  5
  W  0 23  4 17
  W  0 17  2 15
C W  2 17  2
C W  6 21  3  2 180 270
  W  0  1  4  7
  W  0  7  2  9
C W  2  7  2
C W  6  3  3  2 270   0
  W  0  0  9  1
C W  9  0  1
  W 18  0 20  1
C W 18  0  1
C W 20  0  1
  W 32  0 29  1
C W 29  0  1
  G 19 24 18  0  6
  G 18 24  0  0  1
  G 18 16  0  8  2
