; 2007-03-10

P width 5
P height 5
P title Huippu
P author Huntta
S 16 12

flag  0 1 1  8  6

flag  1 3 3  8  6

V respawn 2 4 0
V respawn 2 3 0
V respawn 2 2 1
V respawn 2 3 1
V respawn 2 4 1
V respawn 2 0 3
V respawn 2 1 3
V respawn 2 2 3
V respawn 2 0 4
V respawn 2 1 4

R 0 0
C W 15 12 20 11 270   0
  W 16  0 15  1
C W 15 12  3  0 270   0  3
  W 16 12 15  9          3

R 1 0
  W  0  0 16  1
C W  1 12  3  0   0  90  3
  W  0 12  1  9          3
C W 15 12  3  0 270   0  3
  W 16 12 15  9          3
  G  1  9 15 12          3

R 2 0
  W  0  0 16  1
  W  0 12 16 11          3
T W 21  1 13  4  9  1
T W 11  1  5  3  2  1
T W 19  7 14 11 16 11    3
T W 14 11  8  8  2 12    3
T W  2  9  8 11  2 11    3
  W  0 11  2  9          3

R 3 0
  W  0  0 16  1
  W  0 12 16 11          3
  W 16 11 15  9          3
T W 15  9 12  8 15 11    3
T W 12  8 15 11  8 11    3
T W  8 11  3  7 -2 11    3
T W 12  1  7  5  3  1
T W  5  1 -3  1 -3  4

R 4 0
C W  1 12 20 11   0  90
  W  0  0  1  1
C W  1 12  3  0   0  90  3
  W  0 12  1  9          3

R 0 1
C W 15  0  3  0 180 270  3
  W 16  0 15  3          3
C W 15 12  3  0 270   0  3
  W 16 12 15  9          3
  W  0  0  4 12
  G 16  0 12 12          3

R 1 1
C W  1  0  3  0  90 180  3
  W  0  0  1  3          3
C W  1 12  3  0   0  90  3
  W  0 12  1  9          3
C W 15  0  3  0 180 270  3
  W 16  0 15  8          3
  W 12 12  3 11          3
C W 12  8  6  3  90 180  3
  G  0  0 16 12          3

R 2 1
C W 15 12 20 11 270   0  3
  W 16  0 15  1          3
C W 15 12  3  0 270   0
  W 16 12 15  9

R 3 1
  W  0  0 16  1          3
  W  0  9 16 12
C W 15  0  3  0 180 270  3
  W 16  0 15  3          3

R 4 1
C W  1  0  3  0  90 180  3
  W  0  0  1  3          3
C W  1 12  3  0   0  90
  W  0 12  1  9
  W 16  0 12 12

R 0 2
C W 15  0  3  0 180 270  3
  W 16  0 15  3          3
C W 15 12  3  0 270   0
  W 16 12 15  9
  W  0  0  4 12

R 1 2
  W  0  0 16  3          3
  W  0  9 16 12

R 2 2
C W  1  0  3  0  90 180  3
  W  0  0  1  3          3
C W 15  0  3  0 180 270
  W 16  0 15  3
C W  1 12  3  0   0  90
  W  0 12  1  9
C W 15 12  3  0 270   0  4
  W 16 12 15  9          4
C W  8  6  0.5 0  0   0  3
C W  8  6  0.5 0 45 225  4
C W  8  6  0.2 0  0   0  5

R 4 4
C W  1  0 20 11  90 180
  W  0 12  1 11
C W  1  0  3  0  90 180  4
  W  0  0  1  3  4

R 3 4
  W 16 12  0 11
C W 15  0  3  0 180 270  4
  W 16  0 15  3  4
C W  1  0  3  0  90 180  4
  W  0  0  1  3  4
  G 15  3  1  0  4

R 2 4
  W 16 12  0 11
  W 16  0  0  1  4
T W -5 11  3  8  7 11
T W  5 11 11  9 14 11
T W -3  5  2  1  0  1  4
T W  2  1  8  4 14  0  4
T W 14  3  8  1 14  1  4
  W 16  1 14  3  4

R 1 4
  W 16 12  0 11
  W 16  0  0  1  4
  W  0  1  1  3  4
T W  1  3  4  4  1  1  4
T W  4  4  1  1  8  1  4
T W  8  1 13  5 18  1  4
T W  4 11  9  7 13 11
T W 11 11 19 11 19  8

R 0 4
C W 15  0 20 11 180 270
  W 16 12 15 11
C W 15  0  3  0 180 270  4
  W 16  0 15  3  4

R 4 3
C W  1 12  3  0   0  90  4
  W  0 12  1  9  4
C W  1  0  3  0  90 180  4
  W  0  0  1  3  4
  W 16 12 12  0
  G  0 12  4  0  4

R 3 3
C W 15 12  3  0 270   0  4
  W 16 12 15  9  4
C W 15  0  3  0 180 270  4
  W 16  0 15  3  4
C W  1 12  3  0   0  90  4
  W  0 12  1  4  4
  W  4  0 13  1  4
C W  4  4  6  3 270   0  4
  G 16 12  0  0  4

R 2 3
C W  1  0 20 11  90 180  4
  W  0 12  1 11  4
C W  1  0  3  0  90 180
  W  0  0  1  3

R 1 3
  W 16 12  0 11  4
  W 16  3  0  0
C W  1 12  3  0   0  90  4
  W  0 12  1  9  4

R 0 3
C W 15 12  3  0 270   0  4
  W 16 12 15  9  4
C W 15  0  3  0 180 270
  W 16  0 15  3
  W  0 12  4  0

R 4 2
C W  1 12  3  0   0  90  4
  W  0 12  1  9  4
C W  1  0  3  0  90 180
  W  0  0  1  3
  W 16 12 12  0

R 3 2
  W 16 12  0  9  4
  W 16  3  0  0
