; 2005-09-06

P width 3
P height 3
P title Kenkä
P author Huntta
S 16 12

flag  0 2 2  8  6
spawn 0 2 2  8  4
spawn 0 2 2  8  8
spawn 0 2 2  6  4
spawn 0 2 2  6  8
spawn 0 2 2 10  4
spawn 0 2 2 10  8
spawn 0 2 2 12  4
spawn 0 2 2 12  8
spawn 0 2 2  4  4
spawn 0 2 2  4  8
spawn 0 2 2  2  4
spawn 0 2 2  2  8
spawn 0 2 2 14  4
spawn 0 2 2 14  8

flag  1 0 0  8  6
spawn 1 0 0  8  8
spawn 1 0 0  8  4
spawn 1 0 0 10  8
spawn 1 0 0 10  4
spawn 1 0 0  6  8
spawn 1 0 0  6  4
spawn 1 0 0  4  8
spawn 1 0 0  4  4
spawn 1 0 0 12  8
spawn 1 0 0 12  4
spawn 1 0 0 14  8
spawn 1 0 0 14  4
spawn 1 0 0  2  8
spawn 1 0 0  2  4

R 0 0
C W  3  3  5  2 270   0  4
C W 13  3  5  2   0  90  4
C W  3  9  5  2 180 270  4
C W 13  9  5  2  90 180  4
  W  3  0 13  1  4
  W  0  3  1  9  4
  W  3 12  4 11  4
  W 13 12 12 11  4
  G  0  0 16 12  4

R 1 0
  W 16 12 14  9  4
T W 14 11 12 11 14  9  4
T W 12 11  4 11  6  8  4
T W  4 11  2 11  2  9  4
  W  0 12  2  9  4
  W 14 12  2 11  4
  W 16  0 14  3
T W 14  3 10  5  6  1
T W  6  1  4  4  2  3
  W  0  0  2  3
  W 14  0  2  1
T W 14  3  6  1 14  1
T W  6  1  2  3  2  1
T G  4  4  6  1 10  5  7
T G  6  8  4 11  2  9  6
T G  6  8 14  9 12 11  6

R 2 0
C W  3  3  5  2 270   0  1
C W 13  3  5  2   0  90  1
C W 13  9  5  2  90 180  1
  W  3  0 13  1  1
  W 16  9 15  3  1
C W  2 12  3  0   0  90  4
  W  0 12  2  9  4
  W 13 12 12 11  1
  G 16 12  0  0  1
C G  4 11  8  0   0  90
  G  0 12  4  3
  G 12 12  3 11

R 0 1
  W  0  0  4 12
C W 13  3  5  2   0  90  4
  W 13  0 12  1  4
  W  0  3  1  9
  W 16  3 15  6  4
C W 9.5  6  3  0 210 330  5
C W 6.5 6 3 0 30 150  5
  W 16 12 11 11  3
C G 15  3  3  0  180 270  1
  G 15  3 12  1  1

R 1 1
  W  0 12 16 11  3
  W  0  6 4.5 5  4
C W 6.5 7  5  4  90 180  3
C W 4.5 5  1  0   0   0  4
  W  0  0  5  5  4
T W  8 12 11  8 11 12 3
W   16 0 0 1 4
W   16 6 11.5 7 3
C W 9.5 5 5 4 270 0 4
C W 11.5 7 1 0 0 0 3
W   16 12 11 7 3
T W 8 0 5 4 5 0 4

R 2 1
  W 16 12 12  0
C W  3  9  5  2 180 270  3
  W  3 12  4 11  3
  W 16  9 15  3
  W  0  9  1  6  3
C W 6.5  6  3  0  30 150  5
C W 9.5  6  3  0 210 330  5
  W  0  0  5  1  4
C G  1  9  3  0   0  90  1
  G  1  9  4 11  1

R 0 2
C W 13  9  5  2  90 180  1
C W  3  9  5  2 180 270  1
C W  3  3  5  2 270   0  1
  W 13 12  3 11  1
  W  0  3  1  9  1
C W 14  0  3  0 180 270  3
  W 16  0 14  3  3
  W  3  0  4  1  1
  G  0  0 16 12 1
C G 12  1  8  0 180 270
  G 16  0 12  9
  G  4  0 13  1

R 1 2
  W  0  0  2  3  3
T W  2  1  4  1  2  3  3
T W  4  1 12  1 10  4  3
T W 12  1 14  1 14  3  3
  W 16  0 14  3  3
  W  2  0 14  1  3
  W  0 12  2  9
T W  2  9  6  7 10 11
T W 10 11 12  8 14  9
  W 16 12 14  9
  W  2 12 14 11
T W  2  9 10 11  2 11
T W 10 11 14  9 14 11
T G 12  8 10 11  6  7  7
T G 10  4 12  1 14  3  6
T G 10  4  2  3  4  1  6

R 2 2
C W 13  9  5  2  90 180  3
C W  3  9  5  2 180 270  3
C W 13  3  5  2   0  90  3
C W  3  3  5  2 270   0  3
  W 13 12  3 11  3
  W 16  9 15  3  3
  W 13  0 12  1  3
  W  3  0  4  1  3
  G 16 12  0  0  3
