; 2005-09-02

P width 5
P height 5
P title Koukku
P author Huntta
S 16 12

flag  0 4 4  8  6
spawn 0 4 4 3 6
spawn 0 4 4 5 7
spawn 0 4 4 5 5
spawn 0 4 4 7 6
spawn 0 4 4 7 8
spawn 0 4 4 7 4
spawn 0 4 4 9 7
spawn 0 4 4 9 5
spawn 0 4 4 9 9
spawn 0 4 4 9 3
spawn 0 4 4 11 6
spawn 0 4 4 11 8
spawn 0 4 4 11 4
spawn 0 4 4 11 10
spawn 0 4 4 11 2

flag  1 0 0  8  6
spawn 1 0 0 13  6
spawn 1 0 0 11  5
spawn 1 0 0 11  7
spawn 1 0 0  9  6
spawn 1 0 0  9  4
spawn 1 0 0  9  8
spawn 1 0 0  7  5
spawn 1 0 0  7  7
spawn 1 0 0  7  3
spawn 1 0 0  7  9
spawn 1 0 0  5  6
spawn 1 0 0  5  4
spawn 1 0 0  5  8
spawn 1 0 0  5  2
spawn 1 0 0  5 10

X 2kaistaa 2 0 3 0
X 2kaistaa 1 4 2 4
X vino     2 1
X vino     2 3

R 0 0
C W  4  4  6  3 270   0  4
C W 12  4  6  3   0  90  4
C W  4  8  6  3 180 270  4
C W 12  8  6  3  90 180  4
  W  4  0 12  1  4
  W  0  4  1  8  4
  G  0  0 16 12  4

R 1 0
C W  4  4  6  3 270   0
C W  4  8  6  3 180 270
  W  4  0 16  1
  W 16 12 12 11
  W 16 5.5 12.5 6.5
C W 12.5  6  0.5
  G 16 5   12.5 7  1
C G 12.5  6  1  0  0  0  1
  G 16  1  4  1.5  1
  G 16 11 12 10.5  1
C G  4  4  3  2.5 270   0  1

R 4 0
  W  0 5.5  4 6.5
C W  4 12  6.5  5.5  0  90
  W  0  0  4  1
C W  4 12  17  11    0  90
  W  0 12  4 11
C W  4 12  1
  G  0  5  4  7  1
C G  4 12  7  5  0  90  1
  G  0  1  4  1.5  1
C G  4 12  11  10.5   0  90  1
  G  0 11  4 10.5 1
C G  4 12  1.5 0 0 0 1

R 0 1
  W  0  0  4  1
  W  0  1  1 12
  W 16  0 12  1
  W 16  1 15  4
T W  1  1  4  1  1  4
T W 15  1 12  1 15  4
T W  8  3  5  6 11  6  5
  W  5  6 11 12  5
  W 16 12 15  8
T W  8  4  6  6  7  6  4
T W  8  4  7  6  8  5  4
T W 8 4 10 6 9 6 4
T W 8 4 9 6 8 5 4
  W  6  6  7 12 4
  W  9  6 10 12 4

R 1 1
C W  4  4  6  3 270   0
C W 12  4  6  3   0  90
C W  4  8  6  3 180 270
C W 12  8  6  3  90 180
  W 12 12  9 11
  G  4 12  9 11  6

R 3 1
  W 16  0  7  1
  W 16 12  7 11
  W 16 5.5 12.5 6.5
C W 12.5  6  0.5
C W 10  2.5  4   1.5  270   0  5
C W  7  2.5  1.5  0 0 0 5
C W 12.5 6 0.5
C W 10 9.5 4 1.5 180 270 5
C W 7 9.5 1.5 0 0 0 5
  W  0  0  7  4  5
  W  0 12  7  8  5
  G 16  1 10  1.5 1
  G 16 11 10 10.5 1
  G 16  5 12.5  7   1
C G 12.5  6  1 0 0 0 1
  G  0  0 10 12  5

R 4 1
W   0 6.5 4 5.5
C W 4 0 6.5 5.5 90 180
W   0 0 4 1
C W 4 0 1
  W 16  0 15  8
C W 12  8  6  3  90 180
  W  0 12  4 11
  G  0  7  4  5 1
C G 4 0 7 5 90 180 1
  G  0 1 4 1.5 1
C G 4 0 1.5 0 0 0 1
  G 15  0 14.5  8  1
C G 12  8  3  2.5  90 180  1
  G  0 11  4 10.5  1

R 0 2
  W  5  0 11  3  5
C W  8  3  3  0 90 270  5
  W  0  0  1  8
C W  4  8  6  3 180 270
  W 16  0 15 12
C W 12  8  6  3  90 180
  W  6  0  7  3  4
  W  9  0 10  3  4
C W  8  3  2  1  90 270 4

R 1 2
C W 15  0  6  0 180 270 2
C W 15  0 12 11 180 270 2
  W 16  0 15  6 2
  W 16 12 15 11 2
  W  0  0  3 12 2
T W  3  0  8 12  3 12 2
T W 15 12  8 12  3  7 2
  G  0  0 16 12 6

R 2 2
  W  0 12 16 11 2
  W  0  6 4.5 5 2
C W 6.5 7  5  4  90 180 2
C W 4.5 5  1 0 0 0 2
  W  0  0  5  5 2
T W  8 12 11  8 11 12 2
W   16 0 0 1 2
W   16 6 11.5 7 2
C W 9.5 5 5 4 270 0 2
C W 11.5 7 1 0 0 0 2
W   16 12 11 7 2
T W 8 0 5 4 5 0 2
  G  0  0 16 12 6

R 4 4
C W 12 8 6 3 90 180 3
C W 4 8 6 3 180 270 3
C W 12 4 6 3 0 90 3
C W 4 4 6 3 270 0 3
W   12 12 4 11 3
W   16 8 15 4 3
G   16 12 0 0 3

R 3 4
C W 12 8 6 3 90 180
C W 12 4 6 3 0 90
W   12 12 0 11
W   0 0 4 1
W   0 6.5 3.5 5.5
C W 3.5 6 0.5
G   0 7 3.5 5 1
C G 3.5 6 1 0 0 0 1
G   0 11 12 10.5 1
G   0 1 4 1.5 1
C G 12 8 3 2.5 90 180 1

R 0 4
W   16 6.5 12 5.5
C W 12 0 6.5 5.5 180 270
W   16 12 12 11
C W 12 0 17 11 180 270
W   16 0 12 1
C W 12 0 1
G   16 7 12 5 1
C G 12 0 7 5 180 270 1
G   16 11 12 10.5 1
C G 12 0 11 10.5 180 270 1
G   16 1 12 1.5 1
C G 12 0 1.5 0 0 0 1

R 4 3
W   16 12 12 11
W   16 11 15 0
W   0 12 4 11
W   0 11 1 8
T W 15 11 12 11 15 8
T W 1 11 4 11 1 8
T W 8 9 11 6 5 6 5
W   11 6 5 0 5
W   0 0 1 4
T W 8 8 10 6 9 6 3
T W 8 8 9 6 8 7 3
T W 8 8 6 6 7 6 3
T W 8 8 7 6 8 7 3
W   10 6 9 0 3
W   7 6 6 0 3

R 3 3
C W 12 8 6 3 90 180
C W 4 8 6 3 180 270
C W 12 4 6 3 0 90
C W 4 4 6 3 270 0
W   4 0 7 1
G   12 0 7 1 6

R 1 3
W   0 12 9 11
W   0 0 9 1
W   0 6.5 3.5 5.5
C W 3.5 6 0.5
C W 6 9.5 4 1.5 90 180 5
C W 9 9.5 1.5 0 0 0 5
C W 3.5 6 0.5
C W 6 2.5 4 1.5 0 90 5
C W 9 2.5 1.5 0 0 0 5
W   16 12 9 8 5
W   16 0 9 4 5
G   0 11 6 10.5 1
G   0 1 6 1.5 1
G   0 7 3.5 5 1
C G 3.5 6 1 0 0 0 1
G   16 12 6 0 5

R 0 3
W   16 5.5 12 6.5
C W 12 12 6.5 5.5 270 0
W   16 12 12 11
C W 12 12 1
W   0 12 1 4
C W 4 4 6 3 270 0
W   16 0 12 1
G   16 5 12 7 1
C G 12 12 7 5 270 0 1
G   16 11 12 10.5 1
C G 12 12 1.5 0 0 0 1
G   1 12 1.5 4 1
C G 4 4 3 2.5 270 0 1
G   16 1 12 1.5 1

R 4 2
W   11 12 5 9 5
C W 8 9 3 0 270 90 5
W   16 12 15 4
C W 12 4 6 3 0 90
W   0 12 1 0
C W 4 4 6 3 270 0
W   10 12 9 9 3
W   7 12 6 9 3
C W 8 9 2 1 270 90 3

R 3 2
C W 1 12 6 0 0 90 2
C W 1 12 12 11 0 90 2
W   0 12 1 6 2
W   0 0 1 1 2
W   16 12 13 0 2
T W 13 12 8 0 13 0 2
T W 1 0 8 0 13 5 2
G   16 12 0 0 6

R 2 2
W   16 0 0 1 2
W   16 6 11.5 7 2
C W 9.5 5 5 4 270 0 2
C W 11.5 7 1 0 0 0 2
W   16 12 11 7 2
T W 8 0 5 4 5 0 2
W   0 12 16 11 2
W   0 6 4.5 5 2
C W 6.5 7 5 4 90 180 2
C W 4.5 5 1 0 0 0 2
W   0 0 5 5 2
T W 8 12 11 8 11 12 2
G   16 12 0 0 6

:2kaistaa
  W  0  0 16  1
  W  0 5.5 16 6.5
  W  0 12 16 11
  G  0  1 16  1.5  1
  G  0  5 16  7  1
  G  0 12 16 10.5  1

:vino
  W  0  0 16  1  5
  W  0  1  1  4  5
  W 16  1 15  4  5
T W  1  1 15  1  1  4  5
W   16 12 0 11  5
W   16 11 15 8  5
W   0 11 1 8  5
T W 15 11 1 11 15 8  5
  G  0  0 16 12  5
