; By Huntta & Joonas 2005

P width 5
P height 5
P title Leikkipuisto
P author Huntta & Joonas
S 16 12

flag  0 3 3  8  6
spawn 0 3 3  8  2
spawn 0 3 3  8 10
spawn 0 3 3 12  6
spawn 0 3 3  3  8
spawn 0 3 3  3  4
spawn 0 4 3  6  6

flag  1 1 1  8  6
spawn 1 1 1  8 10
spawn 1 1 1  8  2
spawn 1 1 1  4  6
spawn 1 1 1 13  4
spawn 1 1 1 13  8
spawn 1 0 1 10  6

X h-huone 3 1
X h-huone 1 3

R 0 0
W    0  0 16  1
W    0  1  1 12
W   16 12  8 11
C W  4  4  6  3 270   0
C W 12  4  6  3   0  90
C W 12  8  6  3  90 180

R 1 0
W    0  0 16  1
W   16  1 15 12
W    4 12 10 11
W   10 12 11  6
C W  4  4  6  3 270   0
C W 12  4  6  3   0  90
C W  4  8  6  3 180 270
C W 10  8  2  0 270   0
C W  5  8  4  3  90 180
T W  7 11 10  6 10 11

R 2 0
W    0  0 16  1
W    0  1  1 12
W   16  0 15  5
C W  4  4  6  3 270   0
C W  4  8  6  3 180 270
T W 15  1 15  5 11  1
W    1 12  4 11
W   16 12 10 11
T W 10 11  5  6  6  5
T W  6  5 10 11 12 11

R 3 0
W    0  0 16  1
W    0  0  1  5
T W  1  1  1  5  5  1
W    0 12 16 11
W   16  1 15  3
W   16 11 15  9

R 4 0
W    0  0 16  1
W    0  1  1  3
C W 12  4  6  3   0  90
W    0 12  4 11
W    0 11  1  9
W   16  1 15 12

R 0 1
W    0  0  1 12
W   16  0  8  1
W   16 12  8 11

W   16  4 10  5  4
W   16  8 10  7  4
C W 10  6  2  1 180   0  4
G    9  5 16  7  4

R 1 1
W    0  0 10  1  4
W   16  0 15  3
W   10  0 11  3  4

W    0 12 10 11  4
W   16 12 15  9
W   10 12 11  9  4

W    0  4  5  5  4
W    0  8  5  7  4

G    0  0 11 12  4

R 2 1
W    0  0  4  1
W    0  1  1  3
W   16  0 10  1
W   16  1 15  3
W    0 12  4 11
W    0 11  1  9
W   16 12 12 11
W   16 11 15  9
C W  8  6  2  0   0   0      5
T W  9  4.26  9  7.74 12  6  5

R 4 1
W    0  0  4  1
W    0  1  1  3
W    0 12 11 11
W    0 11  1  9
W   16  0 15 12

R 0 2
W   16 12 5 9
W   5 9 6 5
C W 5.5 5 0.5
C W 9 6 4 3 180 270
T W 7 9 6 9 6 8
C W 11 0 3
W   16 0 11 3
W   0 12 1 0

R 1 2
W    0  0 11  1
W    0  1  1  3
T W  1  3  1  1  3  1
T W  3  1  7  1  5  3
T W  7  1 11  1  9  3
W   16  0 15  3

W    0 12 16 11
W    0 11  1  9
T W  1  9  1 11  3 11
T W  3 11  7 11  5  9
T W  7 11 11 11  9  9
T W 11 11 15 11 13  9

R 2 2
W    0 12  4 11
W    0  0  1  3
W    1  0  4  1
W   16  0 12  1
W   16 12 15  9
W   15 12 12 11
C W 12  2  0.25  0  0  0  5
C W 11  3  0.25  0  0  0  5
C W 10  4  0.25  0  0  0  5
C W  9  5  0.25  0  0  0  5
C W  8  6  0.25  0  0  0  5
C W  7  7  0.25  0  0  0  5
C W  6  8  0.25  0  0  0  5
C W  5  9  0.25  0  0  0  5
C W  4 10  0.25  0  0  0  5

R 3 2
W   16 12 5 11
W   16 11 15 9
T W 15 9 15 11 13 11
T W 13 11 9 11 11 9
T W 9 11 5 11 7 9
W   0 12 1 9
W   16 0 0 1
W   16 1 15 3
T W 15 3 15 1 13 1
T W 13 1 9 1 11 3
T W 9 1 5 1 7 3
T W 5 1 1 1 3 3

R 4 2
W    0  0 11  3
W   11  3 10  7
C W 10.5 7 0.5
C W  7  6  4  3   0  90
T W  9  3 10  3 10  4
C W  5 12  3
W    0 12  5  9
W   16  0 15 12

R 0 3
W   16 12 12 11
W   16 11 15 9
W   16 0 5 1
W   16 1 15 3
W   0 12 1 0

R 2 3
W   16 12 12 11
W   16 11 15 9
W   0 12 6 11
W   0 11 1 9
W   16 0 12 1
W   16 1 15 3
W   0 0 4 1
W   0 1 1 3
C W 8 6 2  0   0   0      5
T W 7 7.74 7 4.26 4 6     5

R 3 3
W   16 12 6 11 3
W   0 12 1 9
W   6 12 5 9 3
W   16 0 6 1 3
W   0 0 1 3
W   6 0 5 3 3
W   16 8 11 7 3
W   16 4 11 5 3
G   16 12 5 0 3

R 4 3
W   16 12 15 0
W   0 12 8 11
W   0 0 8 1
W   0 8 6 7 3
W   0 4 6 5 3
C W 6 6 2 1 0 180  3
G   7 7 0 5 3

R 0 4
W   16 12 0 11
W   16 11 15 9
C W 4 8 6 3 180 270
W   16 0 12 1
W   16 1 15 3
W   0 11 1 0

R 1 4
W   16 12 0 11
W   16 12 15 7
T W 15 11 15 7 11 11
W   16 0 0 1
W   0 11 1 9
W   0 1 1 3

R 2 4
W   16 12 0 11
W   16 11 15 0
W   0 12 1 7
C W 12 8 6 3 90 180
C W 12 4 6 3 0 90
T W 1 11 1 7 5 11
W   15 0 12 1
W   0 0 6 1
T W 6 1 11 6 10 7
T W 10 7 6 1 4 1

R 3 4
W   16 12 0 11
W   0 11 1 0
W   12 0 6 1
W   6 0 5 6
C W 12 8 6 3 90 180
C W 4 8 6 3 180 270
C W 12 4 6 3 0 90
C W 6 4 2 0 90 180
C W 11 4 4 3 270 0
T W 9 1 6 6 6 1

R 4 4
W   16 12 0 11
W   16 11 15 0
W   0 0 8 1
C W 12 8 6 3 90 180
C W 4 8 6 3 180 270
C W 4 4 6 3 270 0

:h-huone
W    0  0 16  1
W    0  1  1  3
W   16  1 15  3
W    0 12 16 11
W    0 11  1  9
W   16 11 15  9
W   7.5 1 8.5 3
W   7.5 11 8.5 9
C W  8  3  0.5
C W  8  9  0.5
W   3.75 4 4.75 8    6
C W 4.25 4 0.5   0  0  0  6
C W 4.25 8 0.5   0  0  0  6
W   12.25 4 11.25 8  6
C W 11.75 4 0.5   0  0  0  6
C W 11.75 8 0.5   0  0  0  6
W    4 5.5 12 6.5    6
