; 2007-03-14

P width 4
P height 3
P title Naama
P author Huntta
S 16 12

flag  0 3 1  4  6

flag  1 0 1 12  6

V respawn 2 1 0
V respawn 2 2 0
V respawn 2 1 2
V respawn 2 2 2

X umpi 0 0
X umpi 0 2
X umpi 3 0
X umpi 3 2

R 0 1
C W 12  6  8  5 180   0
  W  0  0  7 12
  W 12  0 14  1
C W 14  2  3  1   0  90
  W 12 12 14 11
C W 14 10  3  1  90 180
C W 12  6  5.5  5 180   0  4
  W 12  0.5 14  1          4
C W 14  2  1.5  1   0  90  4
  W 12 11.5 14 11          4
C W 14 10  1.5  1  90 180  4
  G 15.5  1  7 11          4

R 1 0
C W 12 12 13 11 270   0
  W 16  0 12  1
T W  0  0  7  0  0  7
C W 14 12  2  0 270   0    1
  W 16 12 14 10            1
  W  0 12  4 11

R 1 1
  W  0  0  2  2
C W  2  0  2  0  90 180
C W 12  4  6  3   0  90    1
  W 16  4 15  8            1
  W  0 12  2 10
C W  2 12  2  0   0  90
C W 12  8  6  3  90 180    1
  W 16  8 15  4            1

R 3 1
C W  4  6  8  5   0 180
  W 16  0  9 12
  W  4  0  2  1
C W  2  2  3  1 270   0
  W  4 12  2 11
C W  2 10  3  1 180 270
C W  4  6 5.5  5   0 180  3
  W  4 0.5  2  1  3
C W  2  2 1.5  1 270   0  3
  W  4 11.5  2 11  3
C W  2 10 1.5  1 180 270  3
  G 0.5  1  9 11  3

R 2 0
C W  4 12 13 11   0  90
  W  0  0  4  1
T W 16  0  9  0 16  7
C W  2 12  2  0   0  90  1
  W  0 12  2 10  1
  W 16 12 12 11

R 2 1
  W 16  0 14  2
C W 14  0  2  0 180 270
C W  4  4  6  3 270   0  1
  W  0  4  1  8  1
  W 16 12 14 10
C W 14 12  2  0 270   0
C W  4  8  6  3 180 270  1
  W  0  8  1  4  1

R 1 2
C W 12  0 13 11 180 270
  W 16 12 12 11
T W  0 12  7 12  0  5
C W 14  0  2  0 180 270  1
  W 16  0 14  2  1
  W  0  0  4  1

R 2 2
C W  4  0 13 11  90 180
  W  0 12  4 11
T W 16 12  9 12 16  5
C W  2  0  2  0  90 180  1
  W  0  0  2  2  1
  W 16  0 12  1

:umpi
  W  0  0 16 12
