; 2005-09-08

P width 3
P height 3
P title Sika
P author Huntta
S 16 12

flag  0 1 1 11.75  6
spawn 0 2 1  8  6
spawn 0 2 1  7  6
spawn 0 2 1  6  6
spawn 0 2 1  5  6
spawn 0 2 1  9  6
spawn 0 2 1  4  6
spawn 0 2 1  5  5
spawn 0 2 1  5  7
spawn 0 2 1  6  4
spawn 0 2 1  6  8

flag  1 1 1  4.25  6
spawn 1 0 1  8  6
spawn 1 0 1  9  6
spawn 1 0 1 10  6
spawn 1 0 1 11  6
spawn 1 0 1  7  6
spawn 1 0 1 12  6
spawn 1 0 1 11  5
spawn 1 0 1 11  7
spawn 1 0 1 10  4
spawn 1 0 1 10  8

R 0 0
C W  4  4  6  3 270   0
C W  4  8  6  3 180 270
  W  4  0 16  1
  W  0  4  1  8
  W 16  5 15  6
  W 16 12 12 11  0
  G  0  0 16  5.5  1

R 1 0
  W  7.5 12  8.5  9
  W  0  5 16  6
  W  0  0 16  1
  W  0 12  4 11
  W 16 12 12 11
T W  6  6 10  6  8  8
C W  4.5  9  4  3   0  90
C W 11.5  9  4  3 270   0
  G  0  0 16  5.5  1
  W  8 12  7.5  5  4
  W  8 12  8.5  5  3
  G  8  1  7.5  5  4
  G  8  1  8.5  5  3
  W  8  0  7.5  1  4
  W  8  0  8.5  1  3

R 2 0
C W 12  4  6  3   0  90
C W 12  8  6  3  90 180
  W 12  0  0  1
  W 16  4 15  8
  W  0  5  1  6
  W  0 12  4 11
  G 16  0  0 5.5  1

R 0 1
C W 16  0  4  0 180 270  0
C W 16 12  4  0 270   0  0
  W  0  0  4 12
T G 12  6 10  4 10  8  4
  G 10  5  7  7  4

R 1 1
C W  4.5  8  4  3  90 180  4
C W  4  8  6  3 180 270  4
  W  4 12  4.5 11  4
C W 11.5  8  4  3 180 270  3
C W 12  8  6  3  90 180  3
  W 12 12 11.5 11  3
C W  4  4  6  3 270   0  4
C W 12  4  6  3   0  90  3
  W  8 12  7.5  0  4
  W  8 12  8.5  0  3
T W  4 12  8 10  8 12 4
T W 12 12  8 10  8 12 3
  G  0  0  8 12  4
  G 16  0  8 12  3

R 2 1
C W  0  0  4  0  90 180
C W  0 12  4  0   0  90
  W 16  0 12 12
T G  4  6  6  4  6  8  3
  G  6  5  9  7  3

R 0 2
C W 16  0  4  0 180 270  0
  W  0  0  4  4
  W  0 12 16  8
  G  0  4 16  8  1
  W  0  8  0.5  6.5  1
  W  4  4  3  5.5  1
C W  0  6.5  0.5  0  0  0  1
C W  3.5  5.5  0.5  0  0  0  1
  G  0  0  0.5 12  4

R 1 2
C W  4  4  6  3 270   0
C W 12  4  6  3   0  90
  W  4  0 12  1
C W  4  8  6  3 180 270
C W 12  8  6  3  90 180
  W  4 12 12 11
  W  5  5.5  6 6.5  1
C W  5  6  0.5  0 0 0 1
C W  6  6  0.5  0 0 0 1
  W 11  5.5 10 6.5  1
C W 11  6  0.5  0 0 0 1
C W 10  6  0.5  0 0 0 1
  G  0  4 16  8  1
  G  8  0  7.5 12  4
  G  8  0  8.5 12  3
  W  8  0  7.5  1  4
  W  8  0  8.5  1  3
  W  8 12  7.5 11  4
  W  8 12  8.5 11  3

R 2 2
C W  0  0  4  0  90 180
  W 16  0 12  4
  W 16 12  0  8
  G 16  4  0  8  1
  W 16  8 15.5 6.5  1
  W 12  4 13 5.5  1
C W 16 6.5 0.5  0   0   0  1
C W 12.5 5.5 0.5  0   0   0  1
  G 16  0 15.5 12  3
