P width 4
P height 4
P title Spike
P author Nix
S 16 12

X twave 1 0 2 0
X bwave 1 3 2 3

R 0 0
; xy 3 3
T W 16 1.5 9 0 16 0
T W 11 0 8 2 9 0
T W 11 0 8 -2 9 0
T W 1.5 16 0 9 0 12
T W 2 8 0 9 0 11
T W -2 8 0 9 0 11
W   16 12 13 10
T W 13 11 14 10 12 9
C W 13.7 10.7 0.5 0 0 0 5
T W 3 0 1 1 0 0
T W 0 3 1 1 0 0
T W 2 2 0 1 1 0
T G 7 7 5 7 6 9 4
T G 5 7 5 5 3 6 3
T G 5 5 7 5 6 3 3
T G 7 5 7 7 9 6 4
G   5 5 7 7 3
T G 5 7 7 7 7 5 4

R 1 0
; xy 2 3
T W 16 12 11 13 19 9
W   4 12 0 10
T W 4 11 3 10 5 9
C W 3.3 10.7 0.5 0 0 0 5
T G 9 18 7 18 8 8 4

R 2 0
; xy 1 3
W   16 6.5 11 5
T W 12 6 11 5 2 11
T W -3 12 11 5 2 11
T W 1 13 -3 12 2 11
C W 11.2 5.7 0.5 0 0 0 5
T W 16 14 14 10 16 11
T W 18 10 16 11 17 12
T W 15 12 13 14 14 14

R 3 0
; tl (y 3 3)
T W  0 1.5 7  0  0  0
T W  5  0  8  2  7  0
T W  5  0  8 -2  7  0
; tr (y 3 3)
T W 13 0 15 1 16 0
T W 16 3 15 1 16 0
T W 14 2 16 1 15 0
; br (y 3 3)
T W 14.5 16 16 9 16 12
T W 14 8 16 9 16 11
T W 18 8 16 9 16 11
; b
  W  8    10  9.25 12
T W  8    11  7     9  8.625 10
T W  9.25 11 10.25  9  8.625 10
; bl
T W -2 12  2 10  0 14
T W -2 10 -1 12  0 11
T W  1 12  0 13  2 14
; l
  W  0  5  1  6.5
T W  1  5  1  6.5  3 5.75
; g
  G  8  5 10  7  4
T G 10  7  8  7  9  9  3
T G 10  7  8  7  9  6  3
T G  8  7  8  5  6  6  4
T G  8  5 10  5  9  3  3
T G  8  5 10  5  9  6  3
T G 10  5 10  7 12  6  4

R 0 1
; xy 3 2
T W 0 -3 1.5 4 0 10
T W 0 6 1.5 12 0 12
T W 23 7 9 14 16 12
W   16 2 13 0
T W 14 2 13 1 12 3
C W 13.7 1.3 0.5 0 0 0 5
T G 24 7 24 5 12 6 4

R 1 1
; blue base, xy 2 2
T W 17 11 9 7 10 9
T W 17 11 12 10 10 9
T W 17 11 12 10 12 12
W   16 12 12 11
T W 9 7 13 9 10 9 4
T W 7 7 5 11 -7 14
T W 7 7 5 11 -5 16
T W 7 7 5 11 5 8 4
T W 9 5 11 1 23 -2
T W 9 5 11 1 21 -4
T W 9 5 11 1 11 4 4
T W 7 5 6 3 1 2
T W 4 2 6 3 1 2
W   4 2 0 0
T W 7 5 3 3 6 3 4
T G 8 7 8 5 -4 6 4
T G 8 7 8 5 20 6 4
T G 9 6 7 6 8 16 4
T G 9 6 7 6 8 -4 4
flag  1 1 1  8  6
spawn 1 1 1 10  6
spawn 1 1 1  6  6
spawn 1 1 1  8  4
spawn 1 1 1  8  8
spawn 1 1 1 12  6
spawn 1 1 1  4  6
spawn 1 1 1  8  2
spawn 1 1 1  8 10
spawn 1 1 1 14  6
spawn 1 1 1  2  6

R 2 1
; m (bl->tr)
T W -3  9  1 11  0 12
  W  0 11  4 12
T W  1 11  4 11  3 10
T W  6  7  4 11  3 10
T W  6  7  5  6  3 10
T W  6  7  5  6 13  2
T W  6  7 14  3 13  2
T W 16  1 14  3 13  2
T W 16  1 16  0 13  2
T W 15  0 16  0 13  2
T W 14 -2 15  0 16 -1
T W 17  0 18  2 16  1
C W 5.6 6.5 .5 0 0 0 5
C W 13.6 2.4 .5 0 0 0 5
; tl
T W -3  3  1  1  3 -3
; br
T W 11 13 19  9 16 12
; g
T G -8  7 -8  5  4  6  4
T G  7 18  9 18  8  8  3

R 3 1
; r
T W 16 -3 14.5  4 16 10
T W 16  6 14.5 12 16 12
; tl
T W  0 -2  0  1  2  2
T W  0 -1  1  0  2 -2
T W  0  1 -2 -3 -2 -1
; m (bl->tr)
T W -5 13 -7 17  7 10
T W -5 13  5  8  7 10
T W  6  7  5  8  7 10
T W  6  7  5  8  4  6
T W  6  7  8  3  7 10
T W 9.25 3.5 8 3 7 10
  W 9.25 3.5 8 0
C W 8.6 3.2 .5 0 0 0 5
C W 6 9 1 0 0 0 5

R 0 2
; xy 3 1
T W 0 15 1.5 8 0 2
T W 0 6 1.5 0 0 0
T W 16 14 16 11 14 10
T W 16 13 15 12 14 14
T W 16 11 18 15 18 13
T W 21 -1 23 -5 9 2
T W 21 -1 11 4 9 2
T W 10 5 11 4 9 2
T W 10 5 11 4 12 6
T W 10 5 8 9 9 2
T W 6.75 8.5 8 9 9 2
W   6.75 8.5 8 12
C W 7.4 8.8 0.5 0 0 0 5
C W 10 3 1 0 0 0 5

R 1 2
; xy 2 1
T W 19 3 15 1 16 0
W   16 1 12 0
T W 15 1 12 1 13 2
T W 10 5 12 1 13 2
T W 10 5 11 6 13 2
T W 10 5 11 6 3 10
T W 10 5 2 9 3 10
T W 0 11 2 9 3 10
T W 0 11 0 12 3 10
T W 1 12 0 12 3 10
T W 2 14 1 12 0 13
T W -1 12 -2 10 0 11
C W 10.4 5.5 0.5 0 0 0 5
C W 2.4 9.6 0.5 0 0 0 5
T W 19 9 15 11 13 15
T W 5 -1 -3 3 0 0
T G 24 5 24 7 12 6 3
T G 9 -6 7 -6 8 4 4

; red base
R 2 2
; tl
T W -1  1  7  5  6  3
T W -1  1  4  2  6  3
T W -1  1  4  2  4  0
  W  0  0  4  1
T W  7  5  3  3  6  3  3
; tr
T W  9  5 11  1 23 -2
T W  9  5 11  1 21 -4
T W  9  5 11  1 11  4  3
; bl (xy tr)
T W 7 7 5 11 -7 14
T W 7 7 5 11 -5 16
T W 7 7 5 11 5 8 3
; br
T W  9  7 10  9 15 10
T W 12 10 10  9 15 10
  W 12 10 16 12
T W 9 7 13 9 10  9  3
; g
T G  8  5  8  7 20  6  3
T G  8  5  8  7 -4  6  3
T G  7  6  9  6  8 -4  3
T G  7  6  9  6  8 16  3
flag  0 2 2  8  6
spawn 0 2 2  6  6
spawn 0 2 2 10  6
spawn 0 2 2  8  8
spawn 0 2 2  8  4
spawn 0 2 2  4  6
spawn 0 2 2 12  6
spawn 0 2 2  8 10
spawn 0 2 2  8  2
spawn 0 2 2  2  6
spawn 0 2 2 14  6

R 3 2
; r (y 3 1)
T W 16 15 14.5  8 16  2
T W 16  6 14.5  0 16  0
; tl
T W -7  5  7 -2  0  0
; bl
  W  0 10  3 12
T W  2 10  3 11  4  9
C W 2.3 10.7 0.5 0 0 0 5
; g
T G -8  5 -8  7  4  6  3

R 0 3
; xy 3 0
T W 16 10.5 9 12 16 12
T W 11 12 8 10 9 12
T W 11 12 8 14 9 12
T W 3 12 1 11 0 12
T W 0 9 1 11 0 12
T W 2 10 0 11 1 12
T W 1.5 -4 0 3 0 0
T W 2 4 0 3 0 1
T W -2 4 0 3 0 1
W   8 2 6.75 0
T W 8 1 9 3 7.375 2
T W 6.75 1 5.75 3 7.375 2
T W 18 0 14 2 16 -2
T W 18 2 17 0 16 1
T W 15 0 16 -1 14 -2
W   16 7 15 5.5
T W 15 7 15 5.5 13 6.25
G   8 7 6 5 3
T G 6 5 8 5 7 3 4
T G 6 5 8 5 7 6 4
T G 8 5 8 7 10 6 3
T G 8 7 6 7 7 9 4
T G 8 7 6 7 7 6 4
T G 6 7 6 5 4 6 3

R 1 3
; m (l->tr)
  W  0 5.5 5  7
T W  4  6  5  7 14  1
T W 19  0  5  7 14  1
T W 15 -1 19  0 14  1
C W 4.8 6.3 .5 0 0 0 5
; tl
T W  0 -2  2  2  0  1
T W -2  2  0  1 -1  0
T W  1  0  3 -2  2 -2

R 2 3
; tl
T W  0  0  5 -1 -3  3
; tr
  W 12  0 16  2
T W 12  1 13  2 11  3
C W 12.7 1.3 0.5 0 0 0 5
; g
T G  7 -6  9 -6  8  4  3

R 3 3
; bl
T W  0 10.5 7 12  0 12
T W  5 12   8 10  7 12
T W  5 12   8 14  7 12
; tr
T W 14.5 -4 16 3 16 0
T W 14  4 16  3 16  1
T W 18  4 16  3 16  1
; tl
  W  0  0  3  2
T W  3  1  2  2  4  3
C W  2.3 1.3 .5 0 0 0  5
; br
T W 13 12 15 11 16 12
T W 16  9 15 11 16 12
T W 14 10 16 11 15 12
; g
T G  9  5 11  5 10  3  3
T G 11  5 11  7 13  6  4
T G 11  7  9  7 10  9  4
T G  9  7  9  5  7  6  3
  G 11  7  9  5  4
T G 11  5  9  5  9  7  3

:twave
T W  0  1.5  6  0   0  0
T W 14  0    8  1.5 2  0
T W 16  1.5 10  0  16  0

:bwave
T W  0 10.5  6 12   0 12
T W 14 12    8 10.5 2 12
T W 16 10.5 10 12  16 12
