;
; tetris.txt
;
; By Huntta (aka JR Oja) 2003
;

V 1
P width 4
P height 4
P title Tetris
P author Huntta

; punainen lippu ja syntymäpaikat
flag  0 0 0 0.5 0.5
spawn 0 0 0 0.3 0.3
spawn 0 0 0 0.5 0.3
spawn 0 0 0 0.3 0.5
spawn 0 0 0 0.7 0.3
spawn 0 0 0 0.3 0.7
spawn 0 0 0 0.9 0.5
spawn 0 0 0 0.5 0.9
spawn 0 0 0 0.9 0.9
spawn 0 0 0 0.3 0.9
spawn 0 0 0 0.9 0.3

; sininen lippu ja syntymäpaikat
flag  1 3 3 0.5 0.5
spawn 1 3 3 0.7 0.7
spawn 1 3 3 0.5 0.7
spawn 1 3 3 0.7 0.5
spawn 1 3 3 0.3 0.7
spawn 1 3 3 0.7 0.3
spawn 1 3 3 0.1 0.5
spawn 1 3 3 0.5 0.1
spawn 1 3 3 0.1 0.1
spawn 1 3 3 0.7 0.1
spawn 1 3 3 0.1 0.7

R 0 0
W 0.0    0.0    1.0    0.2
W 0.0    0.2    0.2    1.0
W 0.4    0.6    1.0    0.8
W 0.6    0.4    0.8    0.6
W 0.6    0.8    0.8    1.0

R 1 0
W 0.0    0.0    0.8    0.2
W 0.0    0.6    0.2    0.8
W 0.6    0.2    0.8    0.8

R 2 0
W 0.2    0.0    1.0    0.2
W 0.2    0.4    0.6    0.6
W 0.2    0.6    0.4    0.8

R 3 0
W 0.0    0.0    1.0    0.2
W 0.8    0.2    1.0    1.0
W 0.2    0.6    0.4    0.8

R 0 1
W 0.0    0.0    0.2    0.8
W 0.6    0.0    0.8    0.2
W 0.2    0.6    0.8    0.8

R 1 1
W 0.4    0.2    0.6    0.4
W 0.6    0.2    0.8    0.8

R 2 1
W 0.2    0.6    0.8    0.8
W 0.6    0.4    0.8    0.6

R 3 1
W 0.8    0.0    1.0    0.8
W 0.2    0.2    0.6    0.4
W 0.2    0.6    0.6    0.8

R 0 2
W 0.0    0.2    0.2    1.0
W 0.4    0.2    0.8    0.4
W 0.4    0.6    0.8    0.8

R 1 2
W 0.2    0.2    0.8    0.4
W 0.2    0.4    0.4    0.6

R 2 2
W 0.2    0.2    0.4    0.8
W 0.4    0.6    0.6    0.8

R 3 2
W 0.8    0.2    1.0    1.0
W 0.2    0.2    0.8    0.4
W 0.2    0.8    0.4    1.0

R 0 3
W 0.0    0.0    0.2    1.0
W 0.2    0.8    1.0    1.0
W 0.6    0.2    0.8    0.4

R 1 3
W 0.0    0.8    0.8    1.0
W 0.4    0.4    0.8    0.6
W 0.6    0.2    0.8    0.4

R 2 3
W 0.2    0.2    0.4    0.8
W 0.2    0.8    1.0    1.0
W 0.8    0.2    1.0    0.4

R 3 3
W 0.8    0.0    1.0    1.0
W 0.0    0.8    0.8    1.0
W 0.0    0.2    0.6    0.4
W 0.2    0.0    0.4    0.2
W 0.2    0.4    0.4    0.6
